------------------------------------------------------------------------------------------------------
********************************************原始数据信息**********************************************
------------------------------------------------------------------------------------------------------

30节点系统的计算结果如下：
最大允许迭代次数：30
计算精度：1e-05
节点数   线路支路数   变压器支路数    发动机个数   负荷个数
   30          39            4              6           27
<----------------------------------------------线路数据---------------------------------------------->

i    j    R                 X                 B/2               
10   10   0.00000000     0.19000000     -1.00000000
24   24   0.00000000     0.04300000     -1.00000000
1    2    0.01920000     0.05750000     0.02640000
1    3    0.04520000     0.16520000     0.02040000
2    4    0.05700000     0.17370000     0.01840000
3    4    0.01320000     0.03790000     0.00420000
2    5    0.04720000     0.19830000     0.02090000
2    6    0.05810000     0.17630000     0.01870000
4    6    0.01190000     0.04140000     0.00450000
5    7    0.04600000     0.11600000     0.01020000
6    7    0.02670000     0.08200000     0.00850000
6    8    0.01200000     0.04200000     0.00450000
9    11   0.00000000     0.20800000     0.00000000
9    10   0.00000000     0.11000000     0.00000000
12   13   0.00000000     0.14000000     0.00000000
12   14   0.12310000     0.25590000     0.00000000
12   15   0.06620000     0.13040000     0.00000000
12   16   0.09450000     0.19870000     0.00000000
14   15   0.22100000     0.19970000     0.00000000
16   17   0.05240000     0.19230000     0.00000000
15   18   0.10730000     0.21850000     0.00000000
18   19   0.06390000     0.12920000     0.00000000
19   20   0.03400000     0.06800000     0.00000000
10   20   0.09360000     0.20900000     0.00000000
10   17   0.03240000     0.08450000     0.00000000
10   21   0.03480000     0.07490000     0.00000000
10   22   0.07270000     0.14990000     0.00000000
21   22   0.01160000     0.02360000     0.00000000
15   23   0.10000000     0.20200000     0.00000000
22   24   0.11500000     0.17900000     0.00000000
23   24   0.13200000     0.27000000     0.00000000
24   25   0.18850000     0.32920000     0.00000000
25   26   0.25440000     0.38000000     0.00000000
25   27   0.10930000     0.20870000     0.00000000
27   29   0.21980000     0.41530000     0.00000000
27   30   0.32020000     0.60270000     0.00000000
29   30   0.23990000     0.45330000     0.00000000
8    28   0.06360000     0.20000000     0.02140000
6    28   0.01690000     0.05990000     0.00650000

<----------------------------------------------变压器数据---------------------------------------------->

i    j(非标准变比侧)     R              X              K              
9    6                   0.00000000     0.20800000     0.97800000     
10   6                   0.00000000     0.55600000     0.96900000     
12   4                   0.00000000     0.25600000     0.93200000     
27   28                  0.00000000     0.39600000     0.96800000     

<----------------------------------------------发电机数据---------------------------------------------->

i    type    p              Q              V              
1    0       0.00000000     0.00000000     1.06000000     
2    -1      0.40000000     0.00000000     1.04300000     
5    -1      0.00000000     0.00000000     1.01000000     
8    -1      0.00000000     0.00000000     1.01000000     
11   -1      0.00000000     0.00000000     1.08200000     
13   -1      0.00000000     0.00000000     1.07100000     

<-----------------------------------------------负荷数据----------------------------------------------->

i    type    p              Q              V              
2    1       0.21700000     0.12700000     0.00000000     
3    1       0.02400000     0.01200000     0.00000000     
4    1       0.07600000     0.01600000     0.00000000     
5    1       0.94200000     0.19000000     0.00000000     
6    1       0.00000000     0.00000000     0.00000000     
7    1       0.22800000     0.10900000     0.00000000     
8    1       0.30000000     0.30000000     0.00000000     
9    1       0.00000000     0.00000000     0.00000000     
10   1       0.05800000     0.02000000     0.00000000     
12   1       0.11200000     0.07500000     0.00000000     
14   1       0.06200000     0.01600000     0.00000000     
15   1       0.08200000     0.02500000     0.00000000     
16   1       0.03500000     0.01800000     0.00000000     
17   1       0.09000000     0.05800000     0.00000000     
18   1       0.03200000     0.00900000     0.00000000     
19   1       0.09500000     0.03400000     0.00000000     
20   1       0.02200000     0.00700000     0.00000000     
21   1       0.17500000     0.11200000     0.00000000     
22   1       0.00000000     0.00000000     0.00000000     
23   1       0.03200000     0.01600000     0.00000000     
24   1       0.08700000     0.06700000     0.00000000     
25   1       0.00000000     0.00000000     0.00000000     
26   1       0.03500000     0.02300000     0.00000000     
27   1       0.00000000     0.00000000     0.00000000     
28   1       0.00000000     0.00000000     0.00000000     
29   1       0.02400000     0.00900000     0.00000000     
30   1       0.10600000     0.01900000     0.00000000     




------------------------------------------------------------------------------------------------------------
********************************************牛顿法潮流计算结果**********************************************
------------------------------------------------------------------------------------------------------------

节点数：30
发电机数：6
负荷数：27
不接地线路数：37
接地线路数：2
变压器数：4
平衡节点：1
迭代次数：4
最大失配量：0.00000005
最低电压值：0.99191426      最低电压节点：30


<-----------------------------------------------各节点数据------------------------------------------------->

节点    电压幅值       电压相位       Pg             Qg             Pl             Ql             
1       1.06000000     0.00000000     2.60951803     -0.16526520    0.00000000     0.00000000     
2       1.04300000     -5.34999414    0.40000000     0.49564747     0.21700000     0.12700000     
5       1.01000000     -14.16710865   0.00000000     0.36935967     0.94200000     0.19000000     
8       1.01000000     -11.81454645   0.00000002     0.37218633     0.30000000     0.30000000     
11      1.08200000     -14.10980282   0.00000000     0.16179805     0.00000000     0.00000000     
13      1.07100000     -14.94413604   0.00000000     0.10630611     0.00000000     0.00000000     
3       1.02071024     -7.53229106    0.00000000     0.00000000     0.02400000     0.01200000     
4       1.01172599     -9.28451574    0.00000000     0.00000000     0.07600000     0.01600000     
6       1.01023070     -11.06538933   0.00000000     0.00000000     0.00000000     0.00000000     
7       1.00236128     -12.86613627   0.00000000     0.00000000     0.22800000     0.10900000     
9       1.05089649     -14.10980282   0.00000000     0.00000000     0.00000000     0.00000000     
10      1.04510918     -15.70056229   0.00000000     0.00000000     0.05800000     0.02000000     
12      1.05710378     -14.94413604   0.00000000     0.00000000     0.11200000     0.07500000     
14      1.04226446     -15.83631453   0.00000000     0.00000000     0.06200000     0.01600000     
15      1.03766583     -15.92825391   0.00000000     0.00000000     0.08200000     0.02500000     
16      1.04437327     -15.52720519   0.00000000     0.00000000     0.03500000     0.01800000     
17      1.03988476     -15.86227698   0.00000000     0.00000000     0.09000000     0.05800000     
18      1.02813608     -16.54260054   0.00000000     0.00000000     0.03200000     0.00900000     
19      1.02563455     -16.71635253   0.00000000     0.00000000     0.09500000     0.03400000     
20      1.02972001     -16.51978864   0.00000000     0.00000000     0.02200000     0.00700000     
21      1.03270821     -16.14329043   0.00000000     0.00000000     0.17500000     0.11200000     
22      1.03323950     -16.12905394   0.00000000     0.00000000     0.00000000     0.00000000     
23      1.02716466     -16.31897207   0.00000000     0.00000000     0.03200000     0.01600000     
24      1.02156469     -16.49558484   0.00000000     0.00000000     0.08700000     0.06700000     
25      1.01731792     -16.06774177   0.00000000     0.00000000     0.00000000     0.00000000     
26      0.99964028     -16.48741612   0.00000000     0.00000000     0.03500000     0.02300000     
27      1.02322846     -15.54336199   0.00000000     0.00000000     0.00000000     0.00000000     
28      1.00679669     -11.68928916   0.00000000     0.00000000     0.00000000     0.00000000     
29      1.00338907     -16.77335543   0.00000000     0.00000000     0.02400000     0.00900000     
30      0.99191426     -17.65621878   0.00000000     0.00000000     0.10600000     0.01900000     


<------------------------------------------------支路功率------------------------------------------------->

节点号I   节点号J   支路功率I->J                支路功率J->I               支路有功损耗   支路无功损耗   
10        10        0.00000000+j-0.20752811    0.00000000+j0.00000000     0.00000000     -0.20752811    
24        24        0.00000000+j-0.04487456    0.00000000+j0.00000000     0.00000000     -0.04487456    
1         2         1.73223202+j-0.21092633    -1.68039605+j0.30778200     0.05183597     0.09685568     
1         3         0.87728601+j0.04566112     -0.84613621+j0.02401208     0.03114980     0.06967320     
2         4         0.43619601+j0.03895116     -0.42604441+j-0.04686594    0.01015161     -0.00791478    
3         4         0.82213622+j-0.03601203    -0.81355993+j0.05196152     0.00857628     0.01594949     
2         5         0.82385609+j0.01751486     -0.79433642+j0.06244915     0.02951967     0.07996401     
2         6         0.60334395+j0.00439945     -0.58386941+j0.01526718     0.01947454     0.01966663     
4         6         0.72154275+j-0.16353989    -0.71519644+j0.17641996     0.00634631     0.01288007     
5         7         -0.14766358+j0.11691052     0.14937776+j-0.13324105    0.00171418     -0.01633053    
6         7         0.38119087+j-0.02974536    -0.37737776+j0.02424105     0.00381312     -0.00550431    
6         8         0.29567835+j-0.08144641    -0.29458094+j0.07610437     0.00109742     -0.00534204    
9         11        0.00000000+j-0.15714696    0.00000000+j0.16179805     0.00000000     0.00465110     
9         10        0.27717560+j0.05913770     -0.27717560+j-0.05113722    0.00000000     0.00800048     
12        13        0.00000000+j-0.10492679    0.00000000+j0.10630611     0.00000000     0.00137932     
12        14        0.07859287+j0.02401518     -0.07784890+j-0.02246861    0.00074397     0.00154657     
12        15        0.17897680+j0.06795604     -0.17680558+j-0.06367918    0.00217123     0.00427686     
12        16        0.07249197+j0.03353870     -0.07195244+j-0.03240427    0.00053953     0.00113443     
14        15        0.01584889+j0.00646862     -0.01578927+j-0.00641475    0.00005961     0.00005387     
16        17        0.03695244+j0.01440427     -0.03687687+j-0.01412695    0.00007557     0.00027732     
15        18        0.06019815+j0.01597602     -0.05981159+j-0.01518886    0.00038655     0.00078716     
18        19        0.02781159+j0.00618887     -0.02776251+j-0.00608965    0.00004907     0.00009922     
19        20        -0.06723750+j-0.02791035    0.06740880+j0.02825295     0.00017130     0.00034260     
10        20        0.09022417+j0.03707359     -0.08940880+j-0.03525295    0.00081537     0.00182064     
10        17        0.05326538+j0.04424398     -0.05312315+j-0.04387305    0.00014223     0.00037093     
10        21        0.15786196+j0.10012010     -0.15674860+j-0.09772383    0.00111336     0.00239627     
10        22        0.07618687+j0.04600752     -0.07565965+j-0.04492043    0.00052723     0.00108709     
21        22        -0.01825142+j-0.01427616    0.01825726+j0.01428805     0.00000584     0.00001188     
15        23        0.05039669+j0.02911792     -0.05008207+j-0.02848238    0.00031462     0.00063553     
22        24        0.05740238+j0.03063239     -0.05694636+j-0.02992258    0.00045602     0.00070980     
23        24        0.01808206+j0.01248239     -0.01802166+j-0.01235884    0.00006040     0.00012354     
24        25        -0.01203198+j0.02015599     0.01213151+j-0.01998217    0.00009953     0.00017382     
25        26        0.03544654+j0.02366700     -0.03500000+j-0.02300000    0.00044654     0.00066700     
25        27        -0.04757806+j-0.00368482    0.04781856+j0.00414404     0.00024050     0.00045922     
27        29        0.06190026+j0.01668942     -0.06103739+j-0.01505909    0.00086287     0.00163034     
27        30        0.07092105+j0.01662964     -0.06929823+j-0.01357506    0.00162282     0.00305458     
29        30        0.03703739+j0.00605909     -0.03670177+j-0.00542493    0.00033562     0.00063416     
8         28        -0.00541905+j-0.00391804    0.00544088+j-0.03953532    0.00002183     -0.04345337    
6         28        0.18665832+j-0.00037473    -0.18608072+j-0.01080037    0.00057760     -0.01117510    


<------------------------------------------------变压器支路------------------------------------------------>

9         6         -0.27717556+j0.09800930     0.27717556+j-0.08173064    0.00000000     0.01627866     
10        6         -0.15836279+j0.01122015     0.15836279+j0.00161002     0.00000000     0.01283017     
12        4         -0.44206163+j-0.09558308    0.44206163+j0.14244434     0.00000000     0.04686126     
27        28        -0.18063985+j-0.03746310    0.18063985+j0.05033570     0.00000000     0.01287259     


------------------------------------------------------------------------------------------------------------

发电机有功功率：3.00951805         负荷有功功率：2.83400000          系统有功损耗：0.17551810
发电机无功功率：1.34003243         负荷无功功率：1.26200000          系统无功损耗：0.07803271
