------------------------------------------------------------------------------------------------------
********************************************原始数据信息**********************************************
------------------------------------------------------------------------------------------------------

118节点系统的计算结果如下：
最大允许迭代次数：30
计算精度：1e-05
节点数   线路支路数   变压器支路数    发动机个数   负荷个数
  118         191            9             54          101
<----------------------------------------------线路数据---------------------------------------------->

i    j    R                 X                 B/2               
1    2    0.03030000     0.09990000     0.01270000
1    3    0.01290000     0.04240000     0.00541000
4    5    0.00176000     0.00798000     0.00105000
3    5    0.02410000     0.10800000     0.01420000
5    6    0.01190000     0.05400000     0.00713000
6    7    0.00459000     0.02080000     0.00275000
8    9    0.00244000     0.03050000     0.58100000
9    10   0.00258000     0.03220000     0.61500000
4    11   0.02090000     0.06880000     0.00874000
5    11   0.02030000     0.06820000     0.00869000
11   12   0.00595000     0.01960000     0.00251000
2    12   0.01870000     0.06160000     0.00786000
3    12   0.04840000     0.16000000     0.02030000
7    12   0.00862000     0.03400000     0.00437000
11   13   0.02225000     0.07310000     0.00938000
12   14   0.02150000     0.07070000     0.00908000
13   15   0.07440000     0.24440000     0.03134000
14   15   0.05950000     0.19500000     0.02510000
12   16   0.02120000     0.08340000     0.01070000
15   17   0.01320000     0.04370000     0.02220000
16   17   0.04540000     0.18010000     0.02330000
17   18   0.01230000     0.05050000     0.00649000
18   19   0.01119000     0.04930000     0.00571000
19   20   0.02520000     0.11700000     0.01490000
15   19   0.01200000     0.03940000     0.00505000
20   21   0.01830000     0.08490000     0.01080000
21   22   0.02090000     0.09700000     0.01230000
22   23   0.03420000     0.15900000     0.02020000
23   24   0.01350000     0.04920000     0.02490000
23   25   0.01560000     0.08000000     0.04320000
25   27   0.03180000     0.16300000     0.08820000
27   28   0.01913000     0.08550000     0.01080000
28   29   0.02370000     0.09430000     0.01190000
8    30   0.00431000     0.05040000     0.25700000
26   30   0.00799000     0.08600000     0.45400000
17   31   0.04740000     0.15630000     0.01995000
29   31   0.01080000     0.03310000     0.00415000
23   32   0.03170000     0.11530000     0.05865000
31   32   0.02980000     0.09850000     0.01255000
27   32   0.02290000     0.07550000     0.00963000
15   33   0.03800000     0.12440000     0.01597000
19   34   0.07520000     0.24700000     0.03160000
35   36   0.00224000     0.01020000     0.00134000
35   37   0.01100000     0.04970000     0.00659000
33   37   0.04150000     0.14200000     0.01830000
34   36   0.00871000     0.02680000     0.00284000
34   37   0.00256000     0.00940000     0.00492000
37   39   0.03210000     0.10600000     0.01350000
37   40   0.05930000     0.16800000     0.02100000
30   38   0.00464000     0.05400000     0.21100000
39   40   0.01840000     0.06050000     0.00776000
40   41   0.01450000     0.04870000     0.00611000
40   42   0.05550000     0.18300000     0.02330000
41   42   0.04100000     0.13500000     0.01720000
43   44   0.06080000     0.24540000     0.03034000
34   43   0.04130000     0.16810000     0.02113000
44   45   0.02240000     0.09010000     0.01120000
45   46   0.04000000     0.13560000     0.01660000
46   47   0.03800000     0.12700000     0.01580000
46   48   0.06010000     0.18900000     0.02360000
47   49   0.01910000     0.06250000     0.00802000
42   49   0.07150000     0.32300000     0.04300000
42   49   0.07150000     0.32300000     0.04300000
45   49   0.06840000     0.18600000     0.02220000
48   49   0.01790000     0.05050000     0.00629000
49   50   0.02670000     0.07520000     0.00937000
49   51   0.04860000     0.13700000     0.01710000
51   52   0.02030000     0.05880000     0.00698000
52   53   0.04050000     0.16350000     0.02029000
53   54   0.02630000     0.12200000     0.01550000
49   54   0.07300000     0.28900000     0.03690000
49   54   0.08690000     0.29100000     0.03650000
54   55   0.01690000     0.07070000     0.01010000
54   56   0.00275000     0.00955000     0.00366000
55   56   0.00488000     0.01510000     0.00187000
56   57   0.03430000     0.09660000     0.01210000
50   57   0.04740000     0.13400000     0.01660000
56   58   0.03430000     0.09660000     0.01210000
51   58   0.02550000     0.07190000     0.00894000
54   59   0.05030000     0.22930000     0.02990000
56   59   0.08250000     0.25100000     0.02845000
56   59   0.08030000     0.23900000     0.02680000
55   59   0.04739000     0.21580000     0.02823000
59   60   0.03170000     0.14500000     0.01880000
59   61   0.03280000     0.15000000     0.01940000
60   61   0.00264000     0.01350000     0.00728000
60   62   0.01230000     0.05610000     0.00734000
61   62   0.00824000     0.03760000     0.00490000
63   64   0.00172000     0.02000000     0.10800000
38   65   0.00901000     0.09860000     0.52300000
64   65   0.00269000     0.03020000     0.19000000
49   66   0.01800000     0.09190000     0.01240000
49   66   0.01800000     0.09190000     0.01240000
62   66   0.04820000     0.21800000     0.02890000
62   67   0.02580000     0.11700000     0.01550000
66   67   0.02240000     0.10150000     0.01341000
65   68   0.00138000     0.01600000     0.31900000
47   69   0.08440000     0.27780000     0.03546000
49   69   0.09850000     0.32400000     0.04140000
69   70   0.03000000     0.12700000     0.06100000
24   70   0.00221000     0.41150000     0.05099000
70   71   0.00882000     0.03550000     0.00439000
24   72   0.04880000     0.19600000     0.02440000
71   72   0.04460000     0.18000000     0.02222000
71   73   0.00866000     0.04540000     0.00589000
70   74   0.04010000     0.13230000     0.01684000
70   75   0.04280000     0.14100000     0.01800000
69   75   0.04050000     0.12200000     0.06200000
74   75   0.01230000     0.04060000     0.00517000
76   77   0.04440000     0.14800000     0.01840000
69   77   0.03090000     0.10100000     0.05190000
75   77   0.06010000     0.19990000     0.02489000
77   78   0.00376000     0.01240000     0.00632000
78   79   0.00546000     0.02440000     0.00324000
77   80   0.01700000     0.04850000     0.02360000
77   80   0.02940000     0.10500000     0.01140000
79   80   0.01560000     0.07040000     0.00935000
68   81   0.00175000     0.02020000     0.40400000
77   82   0.02980000     0.08530000     0.04087000
82   83   0.01120000     0.03665000     0.01898000
83   84   0.06250000     0.13200000     0.01290000
83   85   0.04300000     0.14800000     0.01740000
84   85   0.03020000     0.06410000     0.00617000
85   86   0.03500000     0.12300000     0.01380000
86   87   0.02828000     0.20740000     0.02225000
85   88   0.02000000     0.10200000     0.01380000
85   89   0.02390000     0.17300000     0.02350000
88   89   0.01390000     0.07120000     0.00967000
89   90   0.05180000     0.18800000     0.02640000
89   90   0.02380000     0.09970000     0.05300000
90   91   0.02540000     0.08360000     0.01070000
89   92   0.00990000     0.05050000     0.02740000
89   92   0.03930000     0.15810000     0.02070000
91   92   0.03870000     0.12720000     0.01634000
92   93   0.02580000     0.08480000     0.01090000
92   94   0.04810000     0.15800000     0.02030000
93   94   0.02230000     0.07320000     0.00938000
94   95   0.01320000     0.04340000     0.00555000
80   96   0.03560000     0.18200000     0.02470000
82   96   0.01620000     0.05300000     0.02720000
94   96   0.02690000     0.08690000     0.01150000
80   97   0.01830000     0.09340000     0.01270000
80   98   0.02380000     0.10800000     0.01430000
80   99   0.04540000     0.20600000     0.02730000
92   100  0.06480000     0.29500000     0.02360000
94   100  0.01780000     0.05800000     0.03020000
95   96   0.01710000     0.05470000     0.00737000
96   97   0.01730000     0.08850000     0.01200000
98   100  0.03970000     0.17900000     0.02380000
99   100  0.01800000     0.08130000     0.01080000
100  101  0.02770000     0.12620000     0.01640000
92   102  0.01230000     0.05590000     0.00732000
101  102  0.02460000     0.11200000     0.01470000
100  103  0.01600000     0.05250000     0.02680000
100  104  0.04510000     0.20400000     0.02705000
103  104  0.04660000     0.15840000     0.02035000
103  105  0.05350000     0.16250000     0.02040000
100  106  0.06050000     0.22900000     0.03100000
104  105  0.00994000     0.03780000     0.00493000
105  106  0.01400000     0.05470000     0.00717000
105  107  0.05300000     0.18300000     0.02360000
105  108  0.02610000     0.07030000     0.00922000
106  107  0.05300000     0.18300000     0.02360000
108  109  0.01050000     0.02880000     0.00380000
103  110  0.03906000     0.18130000     0.02305000
109  110  0.02780000     0.07620000     0.01010000
110  111  0.02200000     0.07550000     0.01000000
110  112  0.02470000     0.06400000     0.03100000
17   113  0.00913000     0.03010000     0.00384000
32   113  0.06150000     0.20300000     0.02590000
32   114  0.01350000     0.06120000     0.00814000
27   115  0.01640000     0.07410000     0.00986000
114  115  0.00230000     0.01040000     0.00138000
68   116  0.00034000     0.00405000     0.08200000
12   117  0.03290000     0.14000000     0.01790000
75   118  0.01450000     0.04810000     0.00599000
76   118  0.01640000     0.05440000     0.00678000
5    5    0.00000000     -0.40000000    -1.00000000
34   34   0.00000000     0.14000000     -1.00000000
37   37   0.00000000     -0.25000000    -1.00000000
44   44   0.00000000     0.10000000     -1.00000000
45   45   0.00000000     0.10000000     -1.00000000
46   46   0.00000000     0.10000000     -1.00000000
48   48   0.00000000     0.15000000     -1.00000000
74   74   0.00000000     0.12000000     -1.00000000
79   79   0.00000000     0.20000000     -1.00000000
82   82   0.00000000     0.20000000     -1.00000000
83   83   0.00000000     0.10000000     -1.00000000
105  105  0.00000000     0.20000000     -1.00000000
107  107  0.00000000     0.06000000     -1.00000000
110  110  0.00000000     0.06000000     -1.00000000

<----------------------------------------------变压器数据---------------------------------------------->

i    j(非标准变比侧)     R              X              K              
5    8                   0.00000000     0.02670000     0.98500000     
25   26                  0.00000000     0.03820000     0.96000000     
17   30                  0.00000000     0.03880000     0.96000000     
37   38                  0.00000000     0.03750000     0.93500000     
59   63                  0.00000000     0.03860000     0.96000000     
61   64                  0.00000000     0.02680000     0.98500000     
66   65                  0.00000000     0.03700000     0.93500000     
69   68                  0.00000000     0.03700000     0.93500000     
80   81                  0.00000000     0.03700000     0.93500000     

<----------------------------------------------发电机数据---------------------------------------------->

i    type    p              Q              V              
69   0       0.52359880     0.00000000     1.03500000     
1    -1      0.00000000     0.00000000     0.95500000     
4    -1      -0.09000000    0.00000000     0.99800000     
6    -1      0.00000000     0.00000000     0.99000000     
8    -1      -0.28000000    0.00000000     1.01500000     
10   -1      4.50000000     0.00000000     1.05000000     
12   -1      0.85000000     0.00000000     0.99000000     
15   -1      0.00000000     0.00000000     0.97000000     
18   -1      0.00000000     0.00000000     0.97300000     
19   -1      0.00000000     0.00000000     0.96300000     
24   -1      -0.13000000    0.00000000     0.99200000     
25   -1      2.20000000     0.00000000     1.05000000     
26   -1      3.14000000     0.00000000     1.01500000     
27   -1      -0.09000000    0.00000000     0.96800000     
31   -1      0.07000000     0.00000000     0.96700000     
32   -1      0.00000000     0.00000000     0.96400000     
34   -1      0.00000000     0.00000000     0.98600000     
36   -1      0.00000000     0.00000000     0.98000000     
40   -1      -0.46000000    0.00000000     0.97000000     
42   -1      -0.59000000    0.00000000     0.98500000     
46   -1      0.19000000     0.00000000     1.00500000     
49   -1      2.04000000     0.00000000     1.02500000     
54   -1      0.48000000     0.00000000     0.95500000     
55   -1      0.00000000     0.00000000     0.95200000     
56   -1      0.00000000     0.00000000     0.95400000     
59   -1      1.55000000     0.00000000     0.98500000     
61   -1      1.60000000     0.00000000     0.99500000     
62   -1      0.00000000     0.00000000     0.99800000     
65   -1      3.91000000     0.00000000     1.00500000     
66   -1      3.92000000     0.00000000     1.05000000     
70   -1      0.00000000     0.00000000     0.98400000     
72   -1      -0.12000000    0.00000000     0.98000000     
73   -1      -0.06000000    0.00000000     0.99100000     
74   -1      0.00000000     0.00000000     0.95800000     
76   -1      0.00000000     0.00000000     0.94300000     
77   -1      0.00000000     0.00000000     1.00600000     
80   -1      4.77000000     0.00000000     1.04000000     
85   -1      0.00000000     0.00000000     0.98500000     
87   -1      0.04000000     0.00000000     1.01500000     
89   -1      6.07000000     0.00000000     1.00500000     
90   -1      -0.85000000    0.00000000     0.98500000     
91   -1      -0.10000000    0.00000000     0.98000000     
92   -1      0.00000000     0.00000000     0.99300000     
99   -1      -0.42000000    0.00000000     1.01000000     
100  -1      2.52000000     0.00000000     1.01700000     
103  -1      0.40000000     0.00000000     1.00100000     
104  -1      0.00000000     0.00000000     0.97100000     
105  -1      0.00000000     0.00000000     0.96500000     
107  -1      -0.22000000    0.00000000     0.95200000     
110  -1      0.00000000     0.00000000     0.97300000     
111  -1      0.36000000     0.00000000     0.98000000     
112  -1      -0.43000000    0.00000000     0.97500000     
113  -1      -0.06000000    0.00000000     0.99300000     
116  -1      -1.84000000    0.00000000     1.00500000     

<-----------------------------------------------负荷数据----------------------------------------------->

i    type    p              Q              V              
1    1       0.51000000     0.27000000     0.00000000     
2    1       0.20000000     0.09000000     0.00000000     
3    1       0.39000000     0.10000000     0.00000000     
4    1       0.30000000     0.12000000     0.00000000     
5    1       0.00000000     0.00000000     0.00000000     
6    1       0.52000000     0.22000000     0.00000000     
7    1       0.19000000     0.02000000     0.00000000     
9    1       0.00000000     0.00000000     0.00000000     
11   1       0.70000000     0.23000000     0.00000000     
12   1       0.47000000     0.10000000     0.00000000     
13   1       0.34000000     0.16000000     0.00000000     
14   1       0.14000000     0.01000000     0.00000000     
15   1       0.90000000     0.30000000     0.00000000     
16   1       0.25000000     0.10000000     0.00000000     
17   1       0.11000000     0.03000000     0.00000000     
18   1       0.60000000     0.34000000     0.00000000     
19   1       0.45000000     0.25000000     0.00000000     
20   1       0.18000000     0.03000000     0.00000000     
21   1       0.14000000     0.08000000     0.00000000     
22   1       0.10000000     0.05000000     0.00000000     
23   1       0.07000000     0.03000000     0.00000000     
27   1       0.62000000     0.13000000     0.00000000     
28   1       0.17000000     0.07000000     0.00000000     
29   1       0.24000000     0.04000000     0.00000000     
30   1       0.00000000     0.00000000     0.00000000     
31   1       0.43000000     0.27000000     0.00000000     
32   1       0.59000000     0.23000000     0.00000000     
33   1       0.23000000     0.09000000     0.00000000     
34   1       0.59000000     0.26000000     0.00000000     
35   1       0.33000000     0.09000000     0.00000000     
36   1       0.31000000     0.17000000     0.00000000     
37   1       0.00000000     0.00000000     0.00000000     
38   1       0.00000000     0.00000000     0.00000000     
39   1       0.27000000     0.11000000     0.00000000     
40   1       0.20000000     0.23000000     0.00000000     
41   1       0.37000000     0.10000000     0.00000000     
42   1       0.37000000     0.23000000     0.00000000     
43   1       0.18000000     0.07000000     0.00000000     
44   1       0.16000000     0.08000000     0.00000000     
45   1       0.53000000     0.22000000     0.00000000     
46   1       0.28000000     0.10000000     0.00000000     
47   1       0.34000000     0.00000000     0.00000000     
48   1       0.20000000     0.11000000     0.00000000     
49   1       0.87000000     0.30000000     0.00000000     
50   1       0.17000000     0.04000000     0.00000000     
51   1       0.17000000     0.08000000     0.00000000     
52   1       0.18000000     0.05000000     0.00000000     
53   1       0.23000000     0.11000000     0.00000000     
54   1       1.13000000     0.32000000     0.00000000     
55   1       0.63000000     0.22000000     0.00000000     
56   1       0.84000000     0.18000000     0.00000000     
57   1       0.12000000     0.03000000     0.00000000     
58   1       0.12000000     0.03000000     0.00000000     
59   1       2.77000000     1.13000000     0.00000000     
60   1       0.78000000     0.03000000     0.00000000     
62   1       0.77000000     0.14000000     0.00000000     
63   1       0.00000000     0.00000000     0.00000000     
64   1       0.00000000     0.00000000     0.00000000     
66   1       0.39000000     0.18000000     0.00000000     
67   1       0.28000000     0.07000000     0.00000000     
68   1       0.00000000     0.00000000     0.00000000     
70   1       0.66000000     0.20000000     0.00000000     
71   1       0.00000000     0.00000000     0.00000000     
74   1       0.68000000     0.27000000     0.00000000     
75   1       0.47000000     0.11000000     0.00000000     
76   1       0.68000000     0.36000000     0.00000000     
77   1       0.61000000     0.28000000     0.00000000     
78   1       0.71000000     0.26000000     0.00000000     
79   1       0.39000000     0.32000000     0.00000000     
80   1       1.30000000     0.26000000     0.00000000     
81   1       0.00000000     0.00000000     0.00000000     
82   1       0.54000000     0.27000000     0.00000000     
83   1       0.20000000     0.10000000     0.00000000     
84   1       0.11000000     0.07000000     0.00000000     
85   1       0.24000000     0.15000000     0.00000000     
86   1       0.21000000     0.10000000     0.00000000     
88   1       0.48000000     0.10000000     0.00000000     
90   1       0.78000000     0.42000000     0.00000000     
92   1       0.65000000     0.10000000     0.00000000     
93   1       0.12000000     0.07000000     0.00000000     
94   1       0.30000000     0.16000000     0.00000000     
95   1       0.42000000     0.31000000     0.00000000     
96   1       0.38000000     0.15000000     0.00000000     
97   1       0.15000000     0.09000000     0.00000000     
98   1       0.34000000     0.08000000     0.00000000     
100  1       0.37000000     0.18000000     0.00000000     
101  1       0.22000000     0.15000000     0.00000000     
102  1       0.05000000     0.03000000     0.00000000     
103  1       0.23000000     0.16000000     0.00000000     
104  1       0.38000000     0.25000000     0.00000000     
105  1       0.31000000     0.26000000     0.00000000     
106  1       0.43000000     0.16000000     0.00000000     
107  1       0.28000000     0.12000000     0.00000000     
108  1       0.02000000     0.01000000     0.00000000     
109  1       0.08000000     0.03000000     0.00000000     
110  1       0.39000000     0.30000000     0.00000000     
112  1       0.25000000     0.13000000     0.00000000     
114  1       0.08000000     0.03000000     0.00000000     
115  1       0.22000000     0.07000000     0.00000000     
117  1       0.20000000     0.08000000     0.00000000     
118  1       0.33000000     0.15000000     0.00000000     




------------------------------------------------------------------------------------------------------------
********************************************牛顿法潮流计算结果**********************************************
------------------------------------------------------------------------------------------------------------

节点数：118
发电机数：54
负荷数：101
不接地线路数：177
接地线路数：14
变压器数：9
平衡节点：69
迭代次数：5
最大失配量：0.00000000
最低电压值：0.94300000      最低电压节点：76


<-----------------------------------------------各节点数据------------------------------------------------->

节点    电压幅值       电压相位       Pg             Qg             Pl             Ql             
69      1.03500000     30.00000191    5.13477796     -0.82385784    0.00000000     0.00000000     
1       0.95500000     10.98267396    0.00000000     -0.03103903    0.51000000     0.27000000     
4       0.99800000     15.58348562    -0.09000000    -0.15005692    0.30000000     0.12000000     
6       0.99000000     13.30166987    0.00000000     0.15929659     0.52000000     0.22000000     
8       1.01500000     21.04901383    -0.28000000    0.62728656     0.00000000     0.00000000     
10      1.05000000     35.88402830    4.50000000     -0.51042152    0.00000000     0.00000000     
12      0.99000000     12.49920628    0.85000000     0.91272340     0.47000000     0.10000000     
15      0.97000000     11.48919444    0.00000000     0.04066337     0.90000000     0.30000000     
18      0.97300000     11.79270844    0.00000000     0.26365246     0.60000000     0.34000000     
19      0.96300000     11.31409861    0.00000000     -0.10172711    0.45000000     0.25000000     
24      0.99200000     21.11777403    -0.13000000    -0.15401842    0.00000000     0.00000000     
25      1.05000000     28.18402419    2.20000000     0.49720204     0.00000000     0.00000000     
26      1.01500000     29.96460135    3.14000000     0.09887258     0.00000000     0.00000000     
27      0.96800000     15.61332571    -0.09000000    0.02030360     0.62000000     0.13000000     
31      0.96700000     13.01398013    0.07000000     0.31565607     0.43000000     0.27000000     
32      0.96400000     15.05429532    0.00000000     -0.12338329    0.59000000     0.23000000     
34      0.98600000     11.50501204    0.00000000     -0.06833880    0.59000000     0.26000000     
36      0.98000000     11.08472384    0.00000000     -0.01920364    0.31000000     0.17000000     
40      0.97000000     7.52504661     -0.46000000    0.26768839     0.20000000     0.23000000     
42      0.98500000     8.67399272     -0.59000000    0.41002855     0.37000000     0.23000000     
46      1.00500000     18.58239936    0.19000000     -0.05246050    0.28000000     0.10000000     
49      1.02500000     21.02810968    2.04000000     1.15634134     0.87000000     0.30000000     
54      0.95500000     15.35321463    0.48000000     0.03902637     1.13000000     0.32000000     
55      0.95200000     15.06327785    0.00000000     0.04664187     0.63000000     0.22000000     
56      0.95400000     15.24998840    0.00000000     -0.02285590    0.84000000     0.18000000     
59      0.98500000     19.45246048    1.55000000     0.76833146     2.77000000     1.13000000     
61      0.99500000     24.12503424    1.60000000     -0.40394236    0.00000000     0.00000000     
62      0.99800000     23.50851247    0.00000000     0.01258829     0.77000000     0.14000000     
65      1.00500000     27.72170646    3.91000000     0.80758423     0.00000000     0.00000000     
66      1.05000000     27.56286416    3.92000000     -0.01950621    0.39000000     0.18000000     
70      0.98400000     22.62004819    0.00000000     0.09663715     0.66000000     0.20000000     
72      0.98000000     21.11162429    -0.12000000    -0.11130206    0.00000000     0.00000000     
73      0.99100000     21.99769161    -0.06000000    0.09651292     0.00000000     0.00000000     
74      0.95800000     21.67119049    0.00000000     -0.05627194    0.68000000     0.27000000     
76      0.94300000     21.80300741    0.00000000     0.05268982     0.68000000     0.36000000     
77      1.00600000     26.75688690    0.00000000     0.11866035     0.61000000     0.28000000     
80      1.04000000     28.99774179    4.77000000     1.04901207     1.30000000     0.26000000     
85      0.98500000     32.55045747    -0.00000000    -0.05822355    0.24000000     0.15000000     
87      1.01500000     31.44022115    0.04000000     0.11021607     0.00000000     0.00000000     
89      1.00500000     39.73432058    6.07000000     -0.13661145    0.00000000     0.00000000     
90      0.98500000     33.33105146    -0.85000000    0.59297102     0.78000000     0.42000000     
91      0.98000000     33.35206835    -0.10000000    -0.15404014    0.00000000     0.00000000     
92      0.99300000     33.84106845    0.00000000     0.00485267     0.65000000     0.10000000     
99      1.01000000     27.08481135    -0.42000000    -0.17536995    0.00000000     0.00000000     
100     1.01700000     28.08105732    2.52000000     1.08873207     0.37000000     0.18000000     
103     1.00100000     24.48041979    0.40000000     0.41689394     0.23000000     0.16000000     
104     0.97100000     21.74167048    0.00000000     0.08000892     0.38000000     0.25000000     
105     0.96500000     20.63402254    -0.00000000    -0.12886201    0.31000000     0.26000000     
107     0.95200000     17.57583476    -0.22000000    0.06563101     0.28000000     0.12000000     
110     0.97300000     18.13522930    -0.00000000    0.05257034     0.39000000     0.30000000     
111     0.98000000     19.78031023    0.36000000     -0.01843825    0.00000000     0.00000000     
112     0.97500000     15.03601167    -0.43000000    0.41511693     0.25000000     0.13000000     
113     0.99300000     14.00419234    -0.06000000    0.06108360     0.00000000     0.00000000     
116     1.00500000     27.16559488    -1.84000000    0.51323674     0.00000000     0.00000000     
2       0.97139276     11.52270731    0.00000000     0.00000000     0.20000000     0.09000000     
3       0.96769186     11.86602938    0.00000000     0.00000000     0.39000000     0.10000000     
5       1.00198432     16.02849574    0.00000000     0.00000000     0.00000000     0.00000000     
7       0.98932785     12.85732335    0.00000000     0.00000000     0.19000000     0.02000000     
9       1.04291821     28.30311902    0.00000000     0.00000000     0.00000000     0.00000000     
11      0.98508887     13.01593685    0.00000000     0.00000000     0.70000000     0.23000000     
13      0.96830269     11.64100259    0.00000000     0.00000000     0.34000000     0.16000000     
14      0.98359129     11.78299878    0.00000000     0.00000000     0.14000000     0.01000000     
16      0.98391214     12.19777316    0.00000000     0.00000000     0.25000000     0.10000000     
17      0.99513474     14.00584352    0.00000000     0.00000000     0.11000000     0.03000000     
20      0.95775636     12.19187618    0.00000000     0.00000000     0.18000000     0.03000000     
21      0.95841129     13.77865628    0.00000000     0.00000000     0.14000000     0.08000000     
22      0.96954131     16.33173231    0.00000000     0.00000000     0.10000000     0.05000000     
23      0.99971527     21.24914002    0.00000000     0.00000000     0.07000000     0.03000000     
28      0.96156820     13.88903010    0.00000000     0.00000000     0.17000000     0.07000000     
29      0.96321602     12.89699644    0.00000000     0.00000000     0.24000000     0.04000000     
30      0.98553307     19.03986155    0.00000000     0.00000000     0.00000000     0.00000000     
33      0.97160690     10.86404161    0.00000000     0.00000000     0.23000000     0.09000000     
35      0.98069540     11.07999610    0.00000000     0.00000000     0.33000000     0.09000000     
37      0.99207989     11.96944183    0.00000000     0.00000000     0.00000000     0.00000000     
38      0.96203604     17.10622676    0.00000000     0.00000000     0.00000000     0.00000000     
39      0.97048884     8.59831851     0.00000000     0.00000000     0.27000000     0.11000000     
41      0.96683320     7.07883342     0.00000000     0.00000000     0.37000000     0.10000000     
43      0.97858222     11.45938195    0.00000000     0.00000000     0.18000000     0.07000000     
44      0.98505076     13.94534696    0.00000000     0.00000000     0.16000000     0.08000000     
45      0.98667432     15.77623149    0.00000000     0.00000000     0.53000000     0.22000000     
47      1.01705414     20.80481776    0.00000000     0.00000000     0.34000000     0.00000000     
48      1.02063341     20.02503516    0.00000000     0.00000000     0.20000000     0.11000000     
50      1.00108229     18.98903130    0.00000000     0.00000000     0.17000000     0.04000000     
51      0.96687584     16.36995379    0.00000000     0.00000000     0.17000000     0.08000000     
52      0.95681708     15.41651584    0.00000000     0.00000000     0.18000000     0.05000000     
53      0.94598244     14.44152353    0.00000000     0.00000000     0.23000000     0.11000000     
57      0.97058205     16.45480382    0.00000000     0.00000000     0.12000000     0.03000000     
58      0.95903813     15.59797817    0.00000000     0.00000000     0.12000000     0.03000000     
60      0.99315628     23.23372287    0.00000000     0.00000000     0.78000000     0.03000000     
63      0.96873800     22.83094100    0.00000000     0.00000000     0.00000000     0.00000000     
64      0.98373938     24.59664026    0.00000000     0.00000000     0.00000000     0.00000000     
67      1.01968160     24.92292236    0.00000000     0.00000000     0.28000000     0.07000000     
68      1.00324937     27.60058336    0.00000000     0.00000000     0.00000000     0.00000000     
71      0.98684456     22.20918452    0.00000000     0.00000000     0.00000000     0.00000000     
75      0.96733273     22.93297883    0.00000000     0.00000000     0.47000000     0.11000000     
78      1.00342383     26.45303466    0.00000000     0.00000000     0.71000000     0.26000000     
79      1.00922297     26.75218928    0.00000000     0.00000000     0.39000000     0.32000000     
81      0.99680786     28.14950006    0.00000000     0.00000000     0.00000000     0.00000000     
82      0.98880579     27.27573044    0.00000000     0.00000000     0.54000000     0.27000000     
83      0.98456622     28.46488457    0.00000000     0.00000000     0.20000000     0.10000000     
84      0.97976759     30.99699416    0.00000000     0.00000000     0.11000000     0.07000000     
86      0.98669075     31.18100871    0.00000000     0.00000000     0.21000000     0.10000000     
88      0.98745798     35.67993401    0.00000000     0.00000000     0.48000000     0.10000000     
93      0.98737401     30.83668320    0.00000000     0.00000000     0.12000000     0.07000000     
94      0.99081029     28.68686774    0.00000000     0.00000000     0.30000000     0.16000000     
95      0.98111441     27.71587149    0.00000000     0.00000000     0.42000000     0.31000000     
96      0.99279544     27.54914921    0.00000000     0.00000000     0.38000000     0.15000000     
97      1.01143105     27.92294349    0.00000000     0.00000000     0.15000000     0.09000000     
98      1.02350951     27.44641937    0.00000000     0.00000000     0.34000000     0.08000000     
101     0.99275757     29.64950179    0.00000000     0.00000000     0.22000000     0.15000000     
102     0.99159419     32.34140003    0.00000000     0.00000000     0.05000000     0.03000000     
106     0.96113611     20.37949670    0.00000000     0.00000000     0.43000000     0.16000000     
108     0.96621191     19.43424232    0.00000000     0.00000000     0.02000000     0.01000000     
109     0.96702567     18.98176677    0.00000000     0.00000000     0.08000000     0.03000000     
114     0.96067612     14.72696304    0.00000000     0.00000000     0.08000000     0.03000000     
115     0.96053457     14.71977961    0.00000000     0.00000000     0.22000000     0.07000000     
117     0.97382445     10.95820589    0.00000000     0.00000000     0.20000000     0.08000000     
118     0.94943811     21.94530767    0.00000000     0.00000000     0.33000000     0.15000000     


<------------------------------------------------支路功率------------------------------------------------->

节点号I   节点号J   支路功率I->J                支路功率J->I               支路有功损耗   支路无功损耗   
1         2         -0.12356145+j-0.13040118    0.12453771+j0.11005345     0.00097626     -0.02034773    
1         3         -0.38643855+j-0.17063785    0.38893917+j0.16885680     0.00250061     -0.00178105    
4         5         -1.03212512+j-0.26791936    1.03413339+j0.27492507     0.00200827     0.00700571     
3         5         -0.68102790+j-0.14490983    0.69341008+j0.17284475     0.01238218     0.02793492     
5         6         0.88455423+j0.04108423     -0.87525249+j-0.01302112    0.00930173     0.02806311     
6         7         0.35525249+j-0.04768229    -0.35465198+j0.04501670     0.00060052     -0.00266559    
8         9         -4.40635012+j-0.89733625    4.45254650+j0.24428906     0.04619637     -0.65304719    
9         10        -4.45254650+j-0.24428906    4.50000000+j-0.51042152    0.04745350     -0.75471058    
4         11        0.64212512+j-0.00213756    -0.63347206+j0.01343592     0.00865306     0.01129836     
5         11        0.77205127+j0.02969768     -0.75996922+j-0.00626404    0.01208205     0.02343364     
11        12        0.34282519+j-0.35131583    -0.34135825+j0.35125234     0.00146694     -0.00006349    
2         12        -0.32453771+j-0.20005345    0.32736040+j0.19423143     0.00282270     -0.00582201    
3         12        -0.09791127+j-0.12394697    0.09897592+j0.08856096     0.00106465     -0.03538601    
7         12        0.16465198+j-0.06501670    -0.16438073+j0.05752633     0.00027125     -0.00749036    
11        13        0.35061609+j0.11414396     -0.34744915+j-0.12163645    0.00316694     -0.00749249    
12        14        0.18286739+j0.02630650     -0.18210663+j-0.04148862    0.00076076     -0.01518212    
13        15        0.00744915+j-0.03836355    -0.00743835+j-0.02047348    0.00001080     -0.05883703    
14        15        0.04210663+j0.03148862     -0.04180629+j-0.07840394    0.00030034     -0.04691532    
12        16        0.07500977+j0.04287331     -0.07482648+j-0.06299781    0.00018329     -0.02012450    
15        17        -1.03735160+j-0.24415230    1.05314762+j0.25357422     0.01579602     0.00942192     
16        17        -0.17517352+j-0.03700219    0.17662237+j-0.00288044    0.00144885     -0.03988263    
17        18        0.80253605+j0.24858484     -0.79372868+j-0.22499581    0.00880736     0.02358903     
18        19        0.19372868+j0.14864827     -0.19300457+j-0.15615913    0.00072411     -0.00751086    
19        20        -0.10633669+j0.05316980     0.10676589+j-0.07866260    0.00042920     -0.02549280    
15        19        0.11436543+j0.13286208     -0.11395709+j-0.14095613    0.00040834     -0.00809405    
20        21        -0.28676589+j0.04866260     0.28847490+j-0.06056108    0.00170901     -0.01189849    
21        22        -0.42847490+j-0.01943892    0.43265369+j0.01597296     0.00417878     -0.00346596    
22        23        -0.53265369+j-0.06597296    0.54305647+j0.07516005     0.01040278     0.00918710     
23        24        0.08299681+j0.10916348     -0.08266104+j-0.15732880    0.00033577     -0.04816532    
23        25        -1.62625445+j-0.25844093    1.66825863+j0.38304359     0.04200418     0.12460267     
25        27        1.43474395+j0.30055143     -1.37080566+j-0.15270342    0.06393830     0.14784801     
27        28        0.32852589+j-0.00587705    -0.32632207+j-0.00437885    0.00220382     -0.01025589    
28        29        0.15632207+j-0.06562115    -0.15561924+j0.04637411     0.00070283     -0.01924704    
8         30        0.74220115+j0.27739485     -0.73866687+j-0.75045156    0.00353428     -0.47305671    
26        30        2.23699741+j-0.11697706    -2.19723312+j-0.36370303    0.03976429     -0.48068009    
17        31        0.14760347+j0.11553247     -0.14568459+j-0.14761638    0.00191889     -0.03208391    
29        31        -0.08438076+j-0.08637411    0.08454292+j0.07914017     0.00016216     -0.00723395    
23        32        0.93020117+j0.04411740     -0.90242159+j-0.05619666    0.02777958     -0.01207926    
31        32        -0.29885833+j0.11413229     0.30220960+j-0.12645313    0.00335127     -0.01232084    
27        32        0.12483881+j0.00498451     -0.12445314+j-0.02168563    0.00038567     -0.01670112    
15        33        0.07223081+j-0.04916899    -0.07197302+j0.01991074     0.00025779     -0.02925825    
19        34        -0.03670165+j-0.10778164    0.03731027+j0.04975447     0.00060863     -0.05802717    
35        36        0.00659047+j0.06412466     -0.00658041+j-0.06665452    0.00001007     -0.00252986    
35        37        -0.33659047+j-0.15412466    0.33813604+j0.14828379     0.00154557     -0.00584087    
33        37        -0.15802698+j-0.10991074    0.15950204+j0.07967109     0.00147506     -0.03023966    
34        36        0.30438474+j0.12003022     -0.30341959+j-0.12254912    0.00096514     -0.00251890    
34        37        -0.94608764+j-0.38144870    0.94881818+j0.38184930     0.00273053     0.00040060     
37        39        0.54965971+j0.03805275     -0.53972004+j-0.03123213    0.00993967     0.00682062     
37        40        0.44103203+j-0.02873117    -0.42930881+j0.02151608     0.01172322     -0.00721509    
30        38        0.62552026+j0.18014542     -0.62294264+j-0.55036962    0.00257763     -0.37022420    
39        40        0.26972004+j-0.07876787    -0.26819905+j0.06915881     0.00152099     -0.00960906    
40        41        0.15517021+j0.01171049     -0.15479446+j-0.02190879    0.00037576     -0.01019830    
40        42        -0.11766235+j-0.06469698    0.11858690+j0.02321629     0.00092455     -0.04148070    
41        42        -0.21520554+j-0.07809121    0.21740558+j0.05256939     0.00220004     -0.02552182    
43        44        -0.16568405+j-0.01010240    0.16744975+j-0.04126488    0.00176570     -0.05136727    
34        43        0.01439263+j0.01943265     -0.01431595+j-0.05989760    0.00007669     -0.04046495    
44        45        -0.32744975+j0.05829738     0.33003544+j-0.06966803    0.00258569     -0.01137066    
45        46        -0.36315911+j-0.03360930    0.36859046+j0.01909463     0.00543135     -0.01451468    
46        47        -0.31099261+j-0.01224077    0.31463188+j-0.00789833    0.00363926     -0.02013909    
46        48        -0.14759785+j-0.05831185    0.14896486+j0.01419025     0.00136701     -0.04412161    
47        49        -0.09555546+j-0.10826934    0.09590861+j0.09270304     0.00035315     -0.01556630    
42        49        -0.64799624+j0.05212144     0.67958935+j0.00370334     0.03159311     0.05582478     
42        49        -0.64799624+j0.05212144     0.67958935+j0.00370334     0.03159311     0.05582478     
45        49        -0.49687633+j-0.01937004    0.51422291+j0.02160442     0.01734658     0.00223437     
48        49        -0.34896486+j0.03206364     0.35108304+j-0.03924845    0.00211818     -0.00718481    
49        50        0.53667001+j0.13425549     -0.52882286+j-0.13138881    0.00784715     0.00286669     
49        51        0.66635871+j0.20441165     -0.64353097+j-0.17401343    0.02282775     0.03039822     
51        52        0.28561405+j0.06244917     -0.28373935+j-0.06993444    0.00187470     -0.00748528    
52        53        0.10373935+j0.01993444     -0.10319766+j-0.05448026    0.00054169     -0.03454582    
53        54        -0.12680234+j-0.05551974    0.12732586+j0.02994119     0.00052353     -0.02557855    
49        54        0.37773404+j0.13068830     -0.36582485+j-0.15596276    0.01190919     -0.02527446    
49        54        0.37751581+j0.11196610     -0.36385892+j-0.13787031    0.01365689     -0.02590421    
54        55        0.07075588+j0.01456317     -0.07065264+j-0.03249639    0.00010324     -0.01793321    
54        56        0.18534754+j0.04344449     -0.18523736+j-0.04973088    0.00011018     -0.00628639    
55        56        -0.21426722+j-0.05822153    0.21453163+j0.05564297     0.00026441     -0.00257855    
56        57        -0.22994727+j-0.09100593    0.23218118+j0.07488640     0.00223392     -0.01611952    
50        57        0.35882286+j0.09138881     -0.35218118+j-0.10488640    0.00664168     -0.01349760    
56        58        -0.06671719+j-0.03690373    0.06691021+j0.01530591     0.00019302     -0.02159783    
51        58        0.18791692+j0.03156427     -0.18691021+j-0.04530591    0.00100670     -0.01374164    
54        59        -0.30374551+j-0.07508941    0.30896003+j0.04258127     0.00521452     -0.03250813    
56        59        -0.27956533+j-0.04176265    0.28667290+j0.00989118     0.00710757     -0.03187146    
56        59        -0.29306449+j-0.03909568    0.30066140+j0.01131353     0.00759691     -0.02778215    
55        59        -0.34508014+j-0.08264022    0.35147698+j0.05879513     0.00639684     -0.02384509    
59        60        -0.43312384+j0.03572995     0.43934831+j-0.04404219    0.00622447     -0.00831224    
59        61        -0.51713905+j0.05030727     0.52634160+j-0.04625129    0.00920255     0.00405598     
60        61        -1.12060411+j0.08517908     1.12398798+j-0.08226329    0.00338387     0.00291579     
60        62        -0.09874420+j-0.07113689    0.09891670+j0.05737312     0.00017250     -0.01376377    
61        62        0.25486998+j-0.13856499    -0.25418052+j0.13197954     0.00068946     -0.00658545    
63        64        -1.51750842+j-0.67484312    1.52233185+j0.52506028     0.00482343     -0.14978283    
38        65        -1.81420536+j-0.56964093    1.84631835+j-0.09122048    0.03211299     -0.66086140    
64        65        -1.82753141+j-0.66495162    1.83745845+j0.40062419     0.00992704     -0.26432743    
49        66        -1.32179504+j0.04311698     1.35178224+j0.08328557     0.02998720     0.12640255     
49        66        -1.32179504+j0.04311698     1.35178224+j0.08328557     0.02998720     0.12640255     
62        66        -0.37166504+j-0.17263452    0.37935125+j0.14675112     0.00768621     -0.02588341    
62        67        -0.24307114+j-0.14412984    0.24503062+j0.12146164     0.00195948     -0.02266820    
66        67        0.53164817+j0.19271986     -0.52503062+j-0.19146164    0.00661756     0.00125822     
65        68        0.14165929+j-0.22431397    -0.14161879+j-0.41849080    0.00004051     -0.64280477    
47        69        -0.55907642+j0.11616766     0.58648595+j-0.10061548    0.02740953     0.01555218     
49        69        -0.46508173+j0.10632016     0.48746505+j-0.12053842    0.02238331     -0.01421826    
69        70        1.08347141+j0.16077691     -1.04916373+j-0.13994943    0.03430767     0.02082748     
24        70        -0.06207928+j-0.02974315    0.06208887+j-0.06801951    0.00000959     -0.09776265    
70        71        0.16645945+j-0.12375079    -0.16607697+j0.11676437     0.00038248     -0.00698642    
24        72        0.01474031+j0.03305352     -0.01456806+j-0.07980658    0.00017226     -0.04675306    
71        72        0.10595295+j-0.00938114    -0.10543194+j-0.03149548    0.00052100     -0.04087661    
71        73        0.06012402+j-0.10738324    -0.06000000+j0.09651292     0.00012402     -0.01087031    
70        74        0.16201841+j0.12894269     -0.16005755+j-0.15423389    0.00196086     -0.02529121    
70        75        -0.00140300+j0.09941419     0.00200656+j-0.13169762    0.00060356     -0.03228343    
69        75        1.09971955+j0.20492094     -1.05121268+j-0.18323284    0.04850687     0.02168810     
74        75        -0.51994245+j-0.06190636    0.52360938+j0.06442762     0.00366693     0.00252126     
76        77        -0.61170245+j-0.21031981    0.63226350+j0.24387301     0.02056105     0.03355320     
69        77        0.62104967+j0.06808746     -0.60948262+j-0.13840055    0.01156705     -0.07031309    
75        77        -0.34634701+j-0.09543740    0.35438585+j0.07369560     0.00803884     -0.02174180    
77        78        0.45372051+j0.06617087     -0.45293611+j-0.07634344    0.00078440     -0.01017256    
78        79        -0.25706389+j-0.18365656    0.25759871+j0.17948433     0.00053482     -0.00417223    
77        80        -0.96617910+j-0.37396415    0.98391857+j0.37516403     0.01773948     0.00119987     
77        80        -0.44388004+j-0.20538346    0.45069542+j0.20585666     0.00681538     0.00047320     
79        80        -0.64759871+j-0.29577813    0.65527711+j0.31079313     0.00767840     0.01501500     
68        81        -0.44305415+j-0.04605147    0.44362150+j-0.75545425    0.00056736     -0.80150572    
77        82        -0.03082811+j0.17266904     0.03220498+j-0.25004989    0.00137686     -0.07738086    
82        83        -0.47061977+j0.24536402     0.47395476+j-0.27140697    0.00333499     -0.02604295    
83        84        -0.24712972+j0.14743482     0.25271671+j-0.16052327    0.00558699     -0.01308845    
83        85        -0.42682504+j0.12090922     0.43574832+j-0.12394551    0.00892328     -0.00303629    
84        85        -0.36271671+j0.09052327     0.36714835+j-0.09302618    0.00443164     -0.00250291    
85        86        0.17172481+j-0.07353673    -0.17053050+j0.05090966     0.00119431     -0.02262706    
86        87        -0.03946950+j-0.15090966    0.04000000+j0.11021607     0.00053050     -0.04069359    
85        88        -0.50310352+j0.07574279     0.50848491+j-0.07514285    0.00538138     0.00059994     
85        89        -0.71151795+j0.00654207     0.72401004+j0.03734597     0.01249209     0.04388804     
88        89        -0.98848491+j-0.02485715    1.00241722+j0.07702680     0.01393232     0.05216965     
89        90        0.58160028+j-0.04715032    -0.56423086+j0.05791132     0.01736942     0.01076100     
89        90        1.10716283+j-0.05428243    -1.07827812+j0.07032942     0.02888471     0.01604699     
90        91        0.01250899+j0.04473028     -0.01242537+j-0.06511277    0.00008361     -0.02038249    
89        92        2.01874632+j-0.08017489    -1.97877392+j0.22938206     0.03997240     0.14920717     
89        92        0.63606329+j-0.06937658    -0.62022984+j0.09175426     0.01583345     0.02237768     
91        92        -0.08757463+j-0.08892737    0.08809978+j0.05884849     0.00052516     -0.03007888    
92        93        0.57742422+j-0.10465495    -0.56846957+j0.11271286     0.00895465     0.00805790     
92        94        0.52281787+j-0.14023759    -0.50877924+j0.14640659     0.01403863     0.00616900     
93        94        0.44846957+j-0.18271286    -0.44317994+j0.18172309     0.00528962     -0.00098977    
94        95        0.40995206+j0.09443640     -0.40755817+j-0.09735638    0.00239389     -0.00291998    
80        96        0.18929105+j0.20781174     -0.18630131+j-0.24358804    0.00298973     -0.03577631    
82        96        -0.10158521+j-0.06976675    0.10178707+j0.01702325     0.00020187     -0.05274350    
94        96        0.19934063+j-0.09339833    -0.19806705+j0.07488809     0.00127357     -0.01851025    
80        97        0.26384026+j0.25466307     -0.26144364+j-0.26915942    0.00239663     -0.01449635    
80        98        0.28860075+j0.08334380     -0.28655315+j-0.10449932    0.00204760     -0.02115553    
80        99        0.19475533+j0.08184847     -0.19264256+j-0.12963829    0.00211277     -0.04778981    
92        100       0.31445002+j-0.15584523    -0.30679698+j0.14300548     0.00765304     -0.01283975    
94        100       0.04266650+j-0.48916774    -0.03880481+j0.44086772     0.00386168     -0.04830002    
95        96        -0.01244183+j-0.21264362    0.01319515+j0.20069491     0.00075332     -0.01194871    
96        97        -0.11061385+j-0.19901820    0.11144364+j0.17915942     0.00082978     -0.01985878    
98        100       -0.05344685+j0.02449932     0.05364770+j-0.07314198    0.00020086     -0.04864266    
99        100       -0.22735744+j-0.04573166    0.22829082+j0.02776001     0.00093338     -0.01797165    
100       101       -0.16737442+j0.21813347     0.16960492+j-0.24109709    0.00223049     -0.02296362    
92        102       0.44621187+j-0.07439437    -0.44367194+j0.07152231     0.00253993     -0.00287206    
101       102       -0.38960492+j0.09109709     0.39367194+j-0.10152231    0.00406703     -0.01042521    
100       103       1.21138464+j-0.04868312    -1.18867699+j0.06862003     0.02270765     0.01993691     
100       104       0.56416876+j0.10622009     -0.54950466+j-0.09337158    0.01466410     0.01284851     
103       104       0.32307313+j0.08115593     -0.31773934+j-0.10260317    0.00533379     -0.02144724    
103       105       0.42961312+j0.07326724     -0.41928962+j-0.08134864    0.01032349     -0.00808140    
100       106       0.60548430+j0.09457040     -0.58310162+j-0.07054941    0.02238268     0.02402099     
104       105       0.48724400+j0.02598366     -0.48473122+j-0.02566717    0.00251278     0.00031649     
105       106       0.08710703+j0.03936157     -0.08696109+j-0.05209178    0.00014594     -0.01273021    
105       107       0.26732499+j-0.02369770    -0.26325757+j-0.00562390    0.00406741     -0.02932160    
105       108       0.23958883+j-0.11126506    -0.23768447+j0.09920106     0.00190436     -0.01206401    
106       107       0.24006271+j-0.03735881    -0.23674243+j0.00563315     0.00332029     -0.03172566    
108       109       0.21768447+j-0.10920106    -0.21702595+j0.10390619     0.00065851     -0.00529486    
103       110       0.60599074+j0.03385074     -0.59154917+j-0.01173730    0.01444157     0.02211344     
109       110       0.13702595+j-0.13390619    -0.13600726+j0.11769156     0.00101869     -0.01621463    
110       111       -0.35702945+j0.00956135     0.36000000+j-0.01843825    0.00297055     -0.00887690    
110       112       0.69458588+j-0.30614153    -0.68000000+j0.28511693     0.01458588     -0.02102459    
17        113       0.02047022+j0.06056486     -0.02042816+j-0.06801535    0.00004206     -0.00745049    
32        113       0.04116095+j-0.17346103    -0.03957184+j0.12909895     0.00158911     -0.04436208    
32        114       0.09350417+j0.02441315     -0.09336231+j-0.03884689    0.00014187     -0.01443374    
27        115       0.20744096+j0.04389955     -0.20663839+j-0.05860945    0.00080257     -0.01470990    
114       115       0.01336231+j0.00884689     -0.01336161+j-0.01139055    0.00000070     -0.00254366    
68        116       1.84125928+j-0.66359234    -1.84000000+j0.51323674     0.00125928     -0.15035560    
12        117       0.20152550+j0.05197252     -0.20000000+j-0.08000000    0.00152550     -0.02802748    
75        118       0.40194376+j0.23594024     -0.39853617+j-0.23564106    0.00340759     0.00029917     
76        118       -0.06829755+j-0.09699037    0.06853617+j0.08564106     0.00023862     -0.01134931    
5         5         0.00000000+j0.40158903     0.00000000+j0.00000000     0.00000000     0.40158903     
34        34        0.00000000+j-0.13610744    0.00000000+j0.00000000     0.00000000     -0.13610744    
37        37        0.00000000+j0.24605563     0.00000000+j0.00000000     0.00000000     0.24605563     
44        44        0.00000000+j-0.09703250    0.00000000+j0.00000000     0.00000000     -0.09703250    
45        45        0.00000000+j-0.09735262    0.00000000+j0.00000000     0.00000000     -0.09735262    
46        46        0.00000000+j-0.10100250    0.00000000+j0.00000000     0.00000000     -0.10100250    
48        48        0.00000000+j-0.15625388    0.00000000+j0.00000000     0.00000000     -0.15625388    
74        74        0.00000000+j-0.11013168    0.00000000+j0.00000000     0.00000000     -0.11013168    
79        79        0.00000000+j-0.20370620    0.00000000+j0.00000000     0.00000000     -0.20370620    
82        82        0.00000000+j-0.19554738    0.00000000+j0.00000000     0.00000000     -0.19554738    
83        83        0.00000000+j-0.09693706    0.00000000+j0.00000000     0.00000000     -0.09693706    
105       105       0.00000000+j-0.18624500    0.00000000+j0.00000000     0.00000000     -0.18624500    
107       107       0.00000000+j-0.05437824    0.00000000+j0.00000000     0.00000000     -0.05437824    
110       110       0.00000000+j-0.05680374    0.00000000+j0.00000000     0.00000000     -0.05680374    


<------------------------------------------------变压器支路------------------------------------------------>

5         8         -3.38414897+j-0.92014076    3.38414897+j1.24722797     0.00000000     0.32708721     
25        26        -0.90300259+j-0.18639299    0.90300259+j0.21584964     0.00000000     0.02945665     
17        30        -2.31037974+j-0.70537596    2.31037974+j0.93400917     0.00000000     0.22863321     
37        38        -2.43714800+j-0.86518139    2.43714800+j1.12001055     0.00000000     0.25482916     
59        63        -1.51750842+j-0.57028688    1.51750842+j0.67484312     0.00000000     0.10455624     
61        64        -0.30519956+j-0.13686279    0.30519956+j0.13989134     0.00000000     0.00302855     
66        65        -0.08456390+j-0.70554834    0.08456390+j0.72249449     0.00000000     0.01694615     
69        68        1.25658634+j-1.03648925    -1.25658634+j1.12813462     0.00000000     0.09164537     
80        81        0.44362150+j-0.73046882    -0.44362150+j0.75545425     0.00000000     0.02498542     


------------------------------------------------------------------------------------------------------------

发电机有功功率：38.00477796         负荷有功功率：36.68000000          系统有功损耗：1.32477796
发电机无功功率：7.93878194         负荷无功功率：14.38000000          系统无功损耗：-6.44121806
