30  1e-005   30   39   4   6   27

10   10   0         0.19      -1        
24   24   0         0.043     -1        
1    2    0.0192    0.0575    0.0264    
1    3    0.0452    0.1652    0.0204    
2    4    0.057     0.1737    0.0184    
3    4    0.0132    0.0379    0.0042    
2    5    0.0472    0.1983    0.0209    
2    6    0.0581    0.1763    0.0187    
4    6    0.0119    0.0414    0.0045    
5    7    0.046     0.116     0.0102    
6    7    0.0267    0.082     0.0085    
6    8    0.012     0.042     0.0045    
9    11   0         0.208     0         
9    10   0         0.11      0         
12   13   0         0.14      0         
12   14   0.1231    0.2559    0         
12   15   0.0662    0.1304    0         
12   16   0.0945    0.1987    0         
14   15   0.221     0.1997    0         
16   17   0.0524    0.1923    0         
15   18   0.1073    0.2185    0         
18   19   0.0639    0.1292    0         
19   20   0.034     0.068     0         
10   20   0.0936    0.209     0         
10   17   0.0324    0.0845    0         
10   21   0.0348    0.0749    0         
10   22   0.0727    0.1499    0         
21   22   0.0116    0.0236    0         
15   23   0.1       0.202     0         
22   24   0.115     0.179     0         
23   24   0.132     0.27      0         
24   25   0.1885    0.3292    0         
25   26   0.2544    0.38      0         
25   27   0.1093    0.2087    0         
27   29   0.2198    0.4153    0         
27   30   0.3202    0.6027    0         
29   30   0.2399    0.4533    0         
8    28   0.0636    0.2       0.0214    
6    28   0.0169    0.0599    0.0065 
        
9    6   0         0.208     0.978     
10   6   0         0.556     0.969     
12   4   0         0.256     0.932     
27   28  0         0.396     0.968     
      
1     0   0         0       1.06      
2    -1   0.4       0       1.043     
5    -1   0         0       1.01      
8    -1   0         0       1.01      
11   -1   0         0       1.082     
13   -1   0         0       1.071      
     
2     1   0.217     0.127     0         
3     1   0.024     0.012     0         
4     1   0.076     0.016     0         
5     1   0.942     0.19      0         
6     1   0         0         0         
7     1   0.228     0.109     0         
8     1   0.3       0.3       0         
9     1   0         0         0         
10    1   0.058     0.02      0         
12    1   0.112     0.075     0         
14    1   0.062     0.016     0         
15    1   0.082     0.025     0         
16    1   0.035     0.018     0         
17    1   0.09      0.058     0         
18    1   0.032     0.009     0         
19    1   0.095     0.034     0         
20    1   0.022     0.007     0         
21    1   0.175     0.112     0         
22    1   0         0         0         
23    1   0.032     0.016     0         
24    1   0.087     0.067     0         
25    1   0         0         0         
26    1   0.035     0.023     0         
27    1   0         0         0         
28    1   0         0         0         
29    1   0.024     0.009     0         
30    1   0.106     0.019     0   
   