30  1e-005  118   191  9     54   101
 
    
     1     2  0.030300  0.099900  0.012700
     1     3  0.012900  0.042400  0.005410
     4     5  0.001760  0.007980  0.001050
     3     5  0.024100  0.108000  0.014200
     5     6  0.011900  0.054000  0.007130
     6     7  0.004590  0.020800  0.002750
     8     9  0.002440  0.030500  0.581000
     9    10  0.002580  0.032200  0.615000
     4    11  0.020900  0.068800  0.008740
     5    11  0.020300  0.068200  0.008690
    11    12  0.005950  0.019600  0.002510
     2    12  0.018700  0.061600  0.007860
     3    12  0.048400  0.160000  0.020300
     7    12  0.008620  0.034000  0.004370
    11    13  0.022250  0.073100  0.009380
    12    14  0.021500  0.070700  0.009080
    13    15  0.074400  0.244400  0.031340
    14    15  0.059500  0.195000  0.025100
    12    16  0.021200  0.083400  0.010700
    15    17  0.013200  0.043700  0.022200
    16    17  0.045400  0.180100  0.023300
    17    18  0.012300  0.050500  0.006490
    18    19  0.011190  0.049300  0.005710
    19    20  0.025200  0.117000  0.014900
    15    19  0.012000  0.039400  0.005050
    20    21  0.018300  0.084900  0.010800
    21    22  0.020900  0.097000  0.012300
    22    23  0.034200  0.159000  0.020200
    23    24  0.013500  0.049200  0.024900
    23    25  0.015600  0.080000  0.043200
    25    27  0.031800  0.163000  0.088200
    27    28  0.019130  0.085500  0.010800
    28    29  0.023700  0.094300  0.011900
     8    30  0.004310  0.050400  0.257000
    26    30  0.007990  0.086000  0.454000
    17    31  0.047400  0.156300  0.019950
    29    31  0.010800  0.033100  0.004150
    23    32  0.031700  0.115300  0.058650
    31    32  0.029800  0.098500  0.012550
    27    32  0.022900  0.075500  0.009630
    15    33  0.038000  0.124400  0.015970
    19    34  0.075200  0.247000  0.031600
    35    36  0.002240  0.010200  0.001340
    35    37  0.011000  0.049700  0.006590
    33    37  0.041500  0.142000  0.018300
    34    36  0.008710  0.026800  0.002840
    34    37  0.002560  0.009400  0.004920
    37    39  0.032100  0.106000  0.013500
    37    40  0.059300  0.168000  0.021000
    30    38  0.004640  0.054000  0.211000
    39    40  0.018400  0.060500  0.007760
    40    41  0.014500  0.048700  0.006110
    40    42  0.055500  0.183000  0.023300
    41    42  0.041000  0.135000  0.017200
    43    44  0.060800  0.245400  0.030340
    34    43  0.041300  0.168100  0.021130
    44    45  0.022400  0.090100  0.011200
    45    46  0.040000  0.135600  0.016600
    46    47  0.038000  0.127000  0.015800
    46    48  0.060100  0.189000  0.023600
    47    49  0.019100  0.062500  0.008020
    42    49  0.071500  0.323000  0.043000
    42    49  0.071500  0.323000  0.043000
    45    49  0.068400  0.186000  0.022200
    48    49  0.017900  0.050500  0.006290
    49    50  0.026700  0.075200  0.009370
    49    51  0.048600  0.137000  0.017100
    51    52  0.020300  0.058800  0.006980
    52    53  0.040500  0.163500  0.020290
    53    54  0.026300  0.122000  0.015500
    49    54  0.073000  0.289000  0.036900
    49    54  0.086900  0.291000  0.036500
    54    55  0.016900  0.070700  0.010100
    54    56  0.002750  0.009550  0.003660
    55    56  0.004880  0.015100  0.001870
    56    57  0.034300  0.096600  0.012100
    50    57  0.047400  0.134000  0.016600
    56    58  0.034300  0.096600  0.012100
    51    58  0.025500  0.071900  0.008940
    54    59  0.050300  0.229300  0.029900
    56    59  0.082500  0.251000  0.028450
    56    59  0.080300  0.239000  0.026800
    55    59  0.047390  0.215800  0.028230
    59    60  0.031700  0.145000  0.018800
    59    61  0.032800  0.150000  0.019400
    60    61  0.002640  0.013500  0.007280
    60    62  0.012300  0.056100  0.007340
    61    62  0.008240  0.037600  0.004900
    63    64  0.001720  0.020000  0.108000
    38    65  0.009010  0.098600  0.523000
    64    65  0.002690  0.030200  0.190000
    49    66  0.018000  0.091900  0.012400
    49    66  0.018000  0.091900  0.012400
    62    66  0.048200  0.218000  0.028900
    62    67  0.025800  0.117000  0.015500
    66    67  0.022400  0.101500  0.013410
    65    68  0.001380  0.016000  0.319000
    47    69  0.084400  0.277800  0.035460
    49    69  0.098500  0.324000  0.041400
    69    70  0.030000  0.127000  0.061000
    24    70  0.002210  0.411500  0.050990
    70    71  0.008820  0.035500  0.004390
    24    72  0.048800  0.196000  0.024400
    71    72  0.044600  0.180000  0.022220
    71    73  0.008660  0.045400  0.005890
    70    74  0.040100  0.132300  0.016840
    70    75  0.042800  0.141000  0.018000
    69    75  0.040500  0.122000  0.062000
    74    75  0.012300  0.040600  0.005170
    76    77  0.044400  0.148000  0.018400
    69    77  0.030900  0.101000  0.051900
    75    77  0.060100  0.199900  0.024890
    77    78  0.003760  0.012400  0.006320
    78    79  0.005460  0.024400  0.003240
    77    80  0.017000  0.048500  0.023600
    77    80  0.029400  0.105000  0.011400
    79    80  0.015600  0.070400  0.009350
    68    81  0.001750  0.020200  0.404000
    77    82  0.029800  0.085300  0.040870
    82    83  0.011200  0.036650  0.018980
    83    84  0.062500  0.132000  0.012900
    83    85  0.043000  0.148000  0.017400
    84    85  0.030200  0.064100  0.006170
    85    86  0.035000  0.123000  0.013800
    86    87  0.028280  0.207400  0.022250
    85    88  0.020000  0.102000  0.013800
    85    89  0.023900  0.173000  0.023500
    88    89  0.013900  0.071200  0.009670
    89    90  0.051800  0.188000  0.026400
    89    90  0.023800  0.099700  0.053000
    90    91  0.025400  0.083600  0.010700
    89    92  0.009900  0.050500  0.027400
    89    92  0.039300  0.158100  0.020700
    91    92  0.038700  0.127200  0.016340
    92    93  0.025800  0.084800  0.010900
    92    94  0.048100  0.158000  0.020300
    93    94  0.022300  0.073200  0.009380
    94    95  0.013200  0.043400  0.005550
    80    96  0.035600  0.182000  0.024700
    82    96  0.016200  0.053000  0.027200
    94    96  0.026900  0.086900  0.011500
    80    97  0.018300  0.093400  0.012700
    80    98  0.023800  0.108000  0.014300
    80    99  0.045400  0.206000  0.027300
    92   100  0.064800  0.295000  0.023600
    94   100  0.017800  0.058000  0.030200
    95    96  0.017100  0.054700  0.007370
    96    97  0.017300  0.088500  0.012000
    98   100  0.039700  0.179000  0.023800
    99   100  0.018000  0.081300  0.010800
   100   101  0.027700  0.126200  0.016400
    92   102  0.012300  0.055900  0.007320
   101   102  0.024600  0.112000  0.014700
   100   103  0.016000  0.052500  0.026800
   100   104  0.045100  0.204000  0.027050
   103   104  0.046600  0.158400  0.020350
   103   105  0.053500  0.162500  0.020400
   100   106  0.060500  0.229000  0.031000
   104   105  0.009940  0.037800  0.004930
   105   106  0.014000  0.054700  0.007170
   105   107  0.053000  0.183000  0.023600
   105   108  0.026100  0.070300  0.009220
   106   107  0.053000  0.183000  0.023600
   108   109  0.010500  0.028800  0.003800
   103   110  0.039060  0.181300  0.023050
   109   110  0.027800  0.076200  0.010100
   110   111  0.022000  0.075500  0.010000
   110   112  0.024700  0.064000  0.031000
    17   113  0.009130  0.030100  0.003840
    32   113  0.061500  0.203000  0.025900
    32   114  0.013500  0.061200  0.008140
    27   115  0.016400  0.074100  0.009860
   114   115  0.002300  0.010400  0.001380
    68   116  0.000340  0.004050  0.082000
    12   117  0.032900  0.140000  0.017900
    75   118  0.014500  0.048100  0.005990
    76   118  0.016400  0.054400  0.006780

     5     5  0.000000 -0.400000        -1
    34    34  0.000000  0.140000        -1
    37    37  0.000000 -0.250000        -1
    44    44  0.000000  0.100000        -1
    45    45  0.000000  0.100000        -1
    46    46  0.000000  0.100000        -1
    48    48  0.000000  0.150000        -1
    74    74  0.000000  0.120000        -1
    79    79  0.000000  0.200000        -1
    82    82  0.000000  0.200000        -1
    83    83  0.000000  0.100000        -1
   105   105  0.000000  0.200000        -1
   107   107  0.000000  0.060000        -1
   110   110  0.000000  0.060000        -1

  
     5     8  0.000000  0.026700  0.985000
    25    26  0.000000  0.038200  0.960000
    17    30  0.000000  0.038800  0.960000
    37    38  0.000000  0.037500  0.935000
    59    63  0.000000  0.038600  0.960000
    61    64  0.000000  0.026800  0.985000
    66    65  0.000000  0.037000  0.935000
    69    68  0.000000  0.037000  0.935000
    80    81  0.000000  0.037000  0.935000
    
    
    69     0    0.5235988           0  1.035000   
     1    -1    0.000000           0  0.955000
     4    -1   -0.090000           0  0.998000
     6    -1    0.000000           0  0.990000
     8    -1   -0.280000           0  1.015000
    10    -1    4.500000           0  1.050000
    12    -1    0.850000           0  0.990000
    15    -1    0.000000           0  0.970000
    18    -1    0.000000           0  0.973000
    19    -1    0.000000           0  0.963000
    24    -1   -0.130000           0  0.992000
    25    -1    2.200000           0  1.050000
    26    -1    3.140000           0  1.015000
    27    -1   -0.090000           0  0.968000
    31    -1    0.070000           0  0.967000
    32    -1    0.000000           0  0.964000
    34    -1    0.000000           0  0.986000
    36    -1    0.000000           0  0.980000
    40    -1   -0.460000           0  0.970000
    42    -1   -0.590000           0  0.985000
    46    -1    0.190000           0  1.005000
    49    -1    2.040000           0  1.025000
    54    -1    0.480000           0  0.955000
    55    -1    0.000000           0  0.952000
    56    -1    0.000000           0  0.954000
    59    -1    1.550000           0  0.985000
    61    -1    1.600000           0  0.995000
    62    -1    0.000000           0  0.998000
    65    -1    3.910000           0  1.005000
    66    -1    3.920000           0  1.050000
 
    70    -1    0.000000           0  0.984000
    72    -1   -0.120000           0  0.980000
    73    -1   -0.060000           0  0.991000
    74    -1    0.000000           0  0.958000
    76    -1    0.000000           0  0.943000
    77    -1    0.000000           0  1.006000
    80    -1    4.770000           0  1.040000
    85    -1    0.000000           0  0.985000
    87    -1    0.040000           0  1.015000
    89    -1    6.070000           0  1.005000
    90    -1   -0.850000           0  0.985000
    91    -1   -0.100000           0  0.980000
    92    -1    0.000000           0  0.993000
    99    -1   -0.420000           0  1.010000
   100    -1    2.520000           0  1.017000
   103    -1    0.400000           0  1.001000
   104    -1    0.000000           0  0.971000
   105    -1    0.000000           0  0.965000
   107    -1   -0.220000           0  0.952000
   110    -1    0.000000           0  0.973000
   111    -1    0.360000           0  0.980000
   112    -1   -0.430000           0  0.975000
   113    -1   -0.060000           0  0.993000
   116    -1   -1.840000           0  1.005000
   
     1     1    0.510000    0.270000         0
     2     1    0.200000    0.090000         0
     3     1    0.390000    0.100000         0
     4     1    0.300000    0.120000         0
     5     1    0.000000    0.000000         0
     6     1    0.520000    0.220000         0
     7     1    0.190000    0.020000         0
     9     1    0.000000    0.000000         0
    11     1    0.700000    0.230000         0
    12     1    0.470000    0.100000         0
    13     1    0.340000    0.160000         0
    14     1    0.140000    0.010000         0
    15     1    0.900000    0.300000         0
    16     1    0.250000    0.100000         0
    17     1    0.110000    0.030000         0
    18     1    0.600000    0.340000         0
    19     1    0.450000    0.250000         0
    20     1    0.180000    0.030000         0
    21     1    0.140000    0.080000         0
    22     1    0.100000    0.050000         0
    23     1    0.070000    0.030000         0
    27     1    0.620000    0.130000         0
    28     1    0.170000    0.070000         0
    29     1    0.240000    0.040000         0
    30     1    0.000000    0.000000         0
    31     1    0.430000    0.270000         0
    32     1    0.590000    0.230000         0
    33     1    0.230000    0.090000         0
    34     1    0.590000    0.260000         0
    35     1    0.330000    0.090000         0
    36     1    0.310000    0.170000         0
    37     1    0.000000    0.000000         0
    38     1    0.000000    0.000000         0
    39     1    0.270000    0.110000         0
    40     1    0.200000    0.230000         0
    41     1    0.370000    0.100000         0
    42     1    0.370000    0.230000         0
    43     1    0.180000    0.070000         0
    44     1    0.160000    0.080000         0
    45     1    0.530000    0.220000         0
    46     1    0.280000    0.100000         0
    47     1    0.340000    0.000000         0
    48     1    0.200000    0.110000         0
    49     1    0.870000    0.300000         0
    50     1    0.170000    0.040000         0
    51     1    0.170000    0.080000         0
    52     1    0.180000    0.050000         0
    53     1    0.230000    0.110000         0
    54     1    1.130000    0.320000         0
    55     1    0.630000    0.220000         0
    56     1    0.840000    0.180000         0
    57     1    0.120000    0.030000         0
    58     1    0.120000    0.030000         0
    59     1    2.770000    1.130000         0
    60     1    0.780000    0.030000         0
    62     1    0.770000    0.140000         0
    63     1    0.000000    0.000000         0
    64     1    0.000000    0.000000         0
    66     1    0.390000    0.180000         0
    67     1    0.280000    0.070000         0
    68     1    0.000000    0.000000         0
    70     1    0.660000    0.200000         0
    71     1    0.000000    0.000000         0
    74     1    0.680000    0.270000         0
    75     1    0.470000    0.110000         0
    76     1    0.680000    0.360000         0
    77     1    0.610000    0.280000         0
    78     1    0.710000    0.260000         0
    79     1    0.390000    0.320000         0
    80     1    1.300000    0.260000         0
    81     1    0.000000    0.000000         0
    82     1    0.540000    0.270000         0
    83     1    0.200000    0.100000         0
    84     1    0.110000    0.070000         0
    85     1    0.240000    0.150000         0
    86     1    0.210000    0.100000         0
    88     1    0.480000    0.100000         0
    90     1    0.780000    0.420000         0
    92     1    0.650000    0.100000         0
    93     1    0.120000    0.070000         0
    94     1    0.300000    0.160000         0
    95     1    0.420000    0.310000         0
    96     1    0.380000    0.150000         0
    97     1    0.150000    0.090000         0
    98     1    0.340000    0.080000         0
   100     1    0.370000    0.180000         0
   101     1    0.220000    0.150000         0
   102     1    0.050000    0.030000         0
   103     1    0.230000    0.160000         0
   104     1    0.380000    0.250000         0
   105     1    0.310000    0.260000         0
   106     1    0.430000    0.160000         0
   107     1    0.280000    0.120000         0
   108     1    0.020000    0.010000         0
   109     1    0.080000    0.030000         0
   110     1    0.390000    0.300000         0
   112     1    0.250000    0.130000         0
   114     1    0.080000    0.030000         0
   115     1    0.220000    0.070000         0
   117     1    0.200000    0.080000         0
   118     1    0.330000    0.150000         0
  