30   1e-5  14  18   3   5   12




     1     2  0.019380  0.059170  0.026400
     1     5  0.054030  0.223040  0.024600
     2     3  0.046990  0.197970  0.021900
     2     4  0.058110  0.176320  0.017000
     2     5  0.056950  0.173880  0.017300
     3     4  0.067010  0.171030  0.006400
     4     5  0.013350  0.042110  0.000000
     6    11  0.094980  0.198900  0.000000
     6    12  0.122910  0.255810  0.000000
     6    13  0.066150  0.130270  0.000000
     7     8  0.000000  0.176150  0.000000
     7     9  0.000000  0.110010  0.000000
     9    10  0.031810  0.084500  0.000000
     9    14  0.127110  0.270380  0.000000
    10    11  0.082050  0.192070  0.000000
    12    13  0.220920  0.199880  0.000000
    13    14  0.170930  0.348020  0.000000
     9     9  0.000000  0.190000        -1
     
     7     4  0.000000  0.209120  0.978000
     9     4  0.000000  0.556180  0.969000
     6     5  0.000000  0.252020  0.932000
     
     1     0           0           0  1.060000
     2    -1    0.400000           0  1.045000
     3    -1    0.000000           0  1.010000
     6    -1    0.000000           0  1.070000
     8    -1    0.000000           0  1.090000	
     
     2     1    0.217000    0.127000         0
     3     1    0.942000    0.190000         0
     4     1    0.478000   -0.039000         0
     5     1    0.076000    0.016000         0
     6     1    0.112000    0.075000         0
     7     1    0.000000    0.000000         0
     9     1    0.295000    0.166000         0
    10     1    0.090000    0.058000         0
    11     1    0.035000    0.018000         0
    12     1    0.061000    0.016000         0
    13     1    0.135000    0.058000         0
    14     1    0.149000    0.050000         0
     